AUGMENTED DATASET - SIMPLE MODEL - Classification Report
Timestamp: 2025-12-20 15:40:43
======================================================================

              precision    recall  f1-score   support

           0     0.6944    0.8001    0.7435      5778
           1     0.6648    0.9482    0.7816      6330
           2     0.9512    0.9826    0.9666      5869
           3     0.9926    0.9941    0.9934      5969
           4     0.9645    0.9802    0.9723      5619
           5     0.9657    0.9179    0.9412      5190
           6     0.9665    0.9862    0.9762      5705
           7     0.9865    0.9963    0.9913      6139
           8     0.9787    0.9867    0.9827      5633
           9     0.9170    0.9856    0.9501      5686
          10     0.9429    0.9793    0.9607      1062
          11     0.9505    0.9491    0.9498       648
          12     0.7700    0.9684    0.8579      1739
          13     0.9178    0.8742    0.8955       779
          14     0.9623    0.9600    0.9612       851
          15     0.7788    0.9632    0.8612      1440
          16     0.9572    0.8501    0.9005       447
          17     0.9234    0.9482    0.9356       521
          18     0.6024    0.5068    0.5505      2048
          19     0.8943    0.8514    0.8723       626
          20     0.6541    0.8168    0.7264       382
          21     0.8952    0.9593    0.9261       810
          22     0.7530    0.9852    0.8536      1485
          23     0.9251    0.9867    0.9549      1351
          24     0.6376    0.5847    0.6100      4156
          25     0.8174    0.9613    0.8836      1397
          26     0.9056    0.9056    0.9056       413
          27     0.9385    0.9617    0.9499       809
          28     0.8011    0.9590    0.8730      3508
          29     0.9347    0.9359    0.9353      1576
          30     0.7664    0.9735    0.8576      2002
          31     0.6686    0.7098    0.6886       796
          32     0.8765    0.7395    0.8022       806
          33     0.7814    0.6620    0.7168       432
          34     0.7896    0.7619    0.7755       798
          35     0.7688    0.5948    0.6707       464
          36     0.9190    0.9252    0.9221      1644
          37     0.9249    0.8370    0.8788       853
          38     0.0000    0.0000    0.0000       432
          39     0.9833    0.9792    0.9812      1683
          40     0.9764    0.9814    0.9789      4092
          41     0.4000    0.0100    0.0195       400
          42     0.8018    0.4601    0.5847       589
          43     0.9604    0.9506    0.9555      1479
          44     0.8441    0.3677    0.5122       427
          45     0.7525    0.7003    0.7255       317
          46     0.8110    0.5987    0.6889       466
          47     0.6284    0.0907    0.1586      2535
          48     0.4000    0.0086    0.0169       464
          49     0.9502    0.9457    0.9480      1898
          50     0.0000    0.0000    0.0000       466
          51     0.7200    0.1957    0.3077       368
          52     0.8421    0.3485    0.4930       505
          53     0.9581    0.9651    0.9616      2320
          54     1.0000    0.0023    0.0046       437
          55     0.9490    0.9531    0.9510      2965
          56     0.6667    0.0207    0.0402       482
          57     0.5145    0.3803    0.4373       468
          58     0.6543    0.7944    0.7176       467
          59     0.7000    0.7894    0.7420       470
          60     0.6077    0.4147    0.4930       381
          61     0.6676    0.5255    0.5881       451

    accuracy                         0.8683    116323
   macro avg     0.7956    0.7286    0.7303    116323
weighted avg     0.8586    0.8683    0.8499    116323
