              precision    recall  f1-score   support

           0     0.7378    0.6196    0.6736      5778
           1     0.7374    0.6979    0.7171      6330
           2     0.9784    0.8809    0.9271      5869
           3     0.9956    0.9843    0.9899      5969
           4     0.9869    0.9247    0.9548      5619
           5     0.9757    0.8836    0.9274      5190
           6     0.9875    0.9392    0.9627      5705
           7     0.9878    0.9875    0.9876      6139
           8     0.9879    0.9560    0.9717      5633
           9     0.9540    0.9003    0.9263      5686
          10     0.9282    0.9736    0.9504      1062
          11     0.8720    0.9676    0.9173       648
          12     0.8291    0.4353    0.5709      1739
          13     0.8042    0.9384    0.8661       779
          14     0.9528    0.9718    0.9622       851
          15     0.8908    0.5437    0.6753      1440
          16     0.8314    0.9485    0.8861       447
          17     0.8502    0.9693    0.9058       521
          18     0.5290    0.5215    0.5252      2048
          19     0.8765    0.8051    0.8393       626
          20     0.6432    0.7880    0.7082       382
          21     0.8317    0.9704    0.8957       810
          22     0.8768    0.4936    0.6316      1485
          23     0.9327    0.9852    0.9582      1351
          24     0.6708    0.3879    0.4915      4156
          25     0.9218    0.5991    0.7262      1397
          26     0.8421    0.9298    0.8838       413
          27     0.9182    0.9716    0.9441       809
          28     0.7903    0.4361    0.5621      3508
          29     0.9090    0.9505    0.9293      1576
          30     0.8675    0.5559    0.6776      2002
          31     0.7362    0.4523    0.5603       796
          32     0.8963    0.6650    0.7635       806
          33     0.7751    0.6782    0.7235       432
          34     0.7854    0.6328    0.7009       798
          35     0.5721    0.7435    0.6467       464
          36     0.9022    0.9148    0.9085      1644
          37     0.7650    0.9273    0.8384       853
          38     0.2576    0.7894    0.3884       432
          39     0.9733    0.9756    0.9745      1683
          40     0.9836    0.9699    0.9767      4092
          41     0.3193    0.7750    0.4522       400
          42     0.5228    0.6435    0.5769       589
          43     0.9632    0.9385    0.9507      1479
          44     0.2379    0.6112    0.3425       427
          45     0.5843    0.8202    0.6824       317
          46     0.7604    0.6266    0.6871       466
          47     0.4226    0.3531    0.3847      2535
          48     0.3306    0.7888    0.4659       464
          49     0.9526    0.9415    0.9470      1898
          50     0.0732    0.4635    0.1264       466
          51     0.3493    0.8342    0.4924       368
          52     0.3703    0.5485    0.4421       505
          53     0.9704    0.9595    0.9649      2320
          54     0.1170    0.6545    0.1985       437
          55     0.9556    0.9285    0.9418      2965
          56     0.2940    0.7697    0.4255       482
          57     0.4284    0.7607    0.5481       468
          58     0.6071    0.8737    0.7164       467
          59     0.6957    0.7979    0.7433       470
          60     0.3931    0.7480    0.5154       381
          61     0.3900    0.7228    0.5066       451

    accuracy                         0.8023    116323
   macro avg     0.7304    0.7778    0.7280    116323
weighted avg     0.8546    0.8023    0.8166    116323
