              precision    recall  f1-score   support

           0     0.7245    0.6726    0.6975      5778
           1     0.7345    0.7137    0.7240      6330
           2     0.9764    0.9160    0.9452      5869
           3     0.9961    0.9859    0.9910      5969
           4     0.9837    0.9365    0.9595      5619
           5     0.9725    0.8865    0.9275      5190
           6     0.9844    0.9416    0.9626      5705
           7     0.9884    0.9873    0.9879      6139
           8     0.9871    0.9613    0.9740      5633
           9     0.9469    0.9384    0.9427      5686
          10     0.9277    0.9793    0.9528      1062
          11     0.8906    0.9676    0.9275       648
          12     0.7681    0.9045    0.8307      1739
          13     0.8026    0.9345    0.8636       779
          14     0.9505    0.9694    0.9599       851
          15     0.8008    0.8819    0.8394      1440
          16     0.8716    0.9418    0.9054       447
          17     0.8698    0.9616    0.9134       521
          18     0.4777    0.6133    0.5371      2048
          19     0.8628    0.8642    0.8635       626
          20     0.6337    0.8377    0.7215       382
          21     0.8195    0.9753    0.8906       810
          22     0.7749    0.9434    0.8509      1485
          23     0.9237    0.9859    0.9538      1351
          24     0.5757    0.6655    0.6173      4156
          25     0.8641    0.8604    0.8623      1397
          26     0.8736    0.9370    0.9042       413
          27     0.9257    0.9703    0.9475       809
          28     0.7806    0.9555    0.8593      3508
          29     0.9041    0.9454    0.9243      1576
          30     0.8045    0.8676    0.8349      2002
          31     0.6678    0.7173    0.6917       796
          32     0.8602    0.7940    0.8258       806
          33     0.7475    0.6991    0.7225       432
          34     0.6978    0.7957    0.7436       798
          35     0.6317    0.7134    0.6700       464
          36     0.9007    0.9270    0.9137      1644
          37     0.7726    0.9203    0.8400       853
          38     0.3081    0.1319    0.1848       432
          39     0.9693    0.9762    0.9728      1683
          40     0.9837    0.9717    0.9776      4092
          41     0.4056    0.2525    0.3112       400
          42     0.5690    0.6231    0.5948       589
          43     0.9559    0.9371    0.9464      1479
          44     0.5897    0.4543    0.5132       427
          45     0.6715    0.7350    0.7018       317
          46     0.7924    0.5815    0.6708       466
          47     0.4212    0.3523    0.3837      2535
          48     0.5259    0.1530    0.2371       464
          49     0.9474    0.9394    0.9434      1898
          50     0.2439    0.0429    0.0730       466
          51     0.5040    0.5109    0.5074       368
          52     0.4921    0.4931    0.4926       505
          53     0.9694    0.9552    0.9622      2320
          54     0.3553    0.0618    0.1053       437
          55     0.9532    0.9346    0.9438      2965
          56     0.4127    0.3382    0.3717       482
          57     0.5221    0.4786    0.4994       468
          58     0.6929    0.7730    0.7308       467
          59     0.7062    0.7723    0.7378       470
          60     0.4837    0.5066    0.4949       381
          61     0.4524    0.6962    0.5485       451

    accuracy                         0.8503    116323
   macro avg     0.7517    0.7603    0.7481    116323
weighted avg     0.8493    0.8503    0.8469    116323
