              precision    recall  f1-score   support

           0     0.7193    0.6928    0.7058      5778
           1     0.7296    0.7417    0.7356      6330
           2     0.9804    0.9186    0.9485      5869
           3     0.9969    0.9832    0.9900      5969
           4     0.9830    0.9361    0.9590      5619
           5     0.9726    0.8944    0.9318      5190
           6     0.9857    0.9429    0.9638      5705
           7     0.9891    0.9883    0.9887      6139
           8     0.9864    0.9641    0.9751      5633
           9     0.9443    0.9418    0.9430      5686
          10     0.9242    0.9765    0.9496      1062
          11     0.8873    0.9722    0.9278       648
          12     0.7633    0.9218    0.8351      1739
          13     0.7996    0.9422    0.8651       779
          14     0.9495    0.9730    0.9611       851
          15     0.8037    0.8757    0.8382      1440
          16     0.8557    0.9284    0.8906       447
          17     0.8654    0.9750    0.9170       521
          18     0.4834    0.6108    0.5397      2048
          19     0.8219    0.8770    0.8485       626
          20     0.6409    0.8037    0.7131       382
          21     0.8317    0.9704    0.8957       810
          22     0.7706    0.9434    0.8483      1485
          23     0.9311    0.9904    0.9598      1351
          24     0.5883    0.6523    0.6187      4156
          25     0.8707    0.8583    0.8645      1397
          26     0.8713    0.9346    0.9019       413
          27     0.9172    0.9716    0.9436       809
          28     0.7876    0.9544    0.8630      3508
          29     0.9017    0.9486    0.9246      1576
          30     0.8028    0.8601    0.8305      2002
          31     0.6594    0.7588    0.7056       796
          32     0.8639    0.7878    0.8241       806
          33     0.7463    0.6944    0.7194       432
          34     0.7039    0.8133    0.7547       798
          35     0.6192    0.7220    0.6667       464
          36     0.8905    0.9349    0.9122      1644
          37     0.7745    0.9179    0.8401       853
          38     0.3111    0.0972    0.1481       432
          39     0.9671    0.9780    0.9725      1683
          40     0.9844    0.9702    0.9772      4092
          41     0.4235    0.2700    0.3298       400
          42     0.5676    0.6129    0.5894       589
          43     0.9574    0.9412    0.9492      1479
          44     0.6360    0.4215    0.5070       427
          45     0.6981    0.6782    0.6880       317
          46     0.7853    0.5966    0.6780       466
          47     0.4305    0.3274    0.3719      2535
          48     0.4922    0.1358    0.2128       464
          49     0.9522    0.9442    0.9481      1898
          50     0.1912    0.0279    0.0487       466
          51     0.5125    0.5571    0.5339       368
          52     0.5127    0.4792    0.4954       505
          53     0.9690    0.9578    0.9634      2320
          54     0.3846    0.0686    0.1165       437
          55     0.9547    0.9315    0.9430      2965
          56     0.4024    0.3465    0.3724       482
          57     0.5246    0.4103    0.4604       468
          58     0.6919    0.7837    0.7349       467
          59     0.7070    0.7702    0.7373       470
          60     0.4974    0.4987    0.4980       381
          61     0.4669    0.6718    0.5509       451

    accuracy                         0.8525    116323
   macro avg     0.7521    0.7589    0.7472    116323
weighted avg     0.8498    0.8525    0.8482    116323
