              precision    recall  f1-score   support

           0     0.7154    0.7944    0.7528      5778
           1     0.6968    0.9118    0.7899      6330
           2     0.9677    0.9848    0.9762      5869
           3     0.9975    0.9973    0.9974      5969
           4     0.9799    0.9875    0.9837      5619
           5     0.9643    0.9513    0.9577      5190
           6     0.9829    0.9853    0.9841      5705
           7     0.9935    0.9964    0.9950      6139
           8     0.9889    0.9927    0.9908      5633
           9     0.9377    0.9845    0.9605      5686
          10     0.9624    0.9868    0.9744      1062
          11     0.9464    0.9815    0.9636       648
          12     0.7814    0.9724    0.8665      1739
          13     0.8926    0.9499    0.9204       779
          14     0.9712    0.9894    0.9802       851
          15     0.8247    0.9215    0.8704      1440
          16     0.9388    0.9262    0.9324       447
          17     0.9462    0.9789    0.9623       521
          18     0.6338    0.5181    0.5701      2048
          19     0.8987    0.8930    0.8958       626
          20     0.6763    0.7932    0.7301       382
          21     0.9175    0.9605    0.9385       810
          22     0.7608    0.9960    0.8626      1485
          23     0.9457    0.9926    0.9686      1351
          24     0.6505    0.6095    0.6293      4156
          25     0.8617    0.9592    0.9079      1397
          26     0.9124    0.9588    0.9351       413
          27     0.9489    0.9876    0.9679       809
          28     0.8394    0.9552    0.8936      3508
          29     0.9319    0.9549    0.9433      1576
          30     0.7827    0.9750    0.8683      2002
          31     0.7260    0.6558    0.6891       796
          32     0.8711    0.7878    0.8274       806
          33     0.7376    0.7546    0.7460       432
          34     0.8286    0.8058    0.8170       798
          35     0.7512    0.6961    0.7226       464
          36     0.9528    0.9446    0.9487      1644
          37     0.9202    0.9062    0.9132       853
          38     0.4815    0.0301    0.0566       432
          39     0.9904    0.9846    0.9875      1683
          40     0.9885    0.9858    0.9872      4092
          41     0.5576    0.3025    0.3922       400
          42     0.8308    0.6503    0.7295       589
          43     0.9778    0.9527    0.9651      1479
          44     0.7807    0.4169    0.5435       427
          45     0.7720    0.7476    0.7596       317
          46     0.7884    0.6717    0.7254       466
          47     0.5423    0.2351    0.3280      2535
          48     0.8333    0.0108    0.0213       464
          49     0.9638    0.9526    0.9581      1898
          50     0.4000    0.0129    0.0249       466
          51     0.7739    0.4185    0.5432       368
          52     0.8218    0.4475    0.5795       505
          53     0.9740    0.9694    0.9717      2320
          54     0.8276    0.0549    0.1030       437
          55     0.9649    0.9555    0.9602      2965
          56     0.7021    0.0685    0.1248       482
          57     0.5449    0.5833    0.5635       468
          58     0.6946    0.7987    0.7430       467
          59     0.7473    0.7362    0.7417       470
          60     0.6601    0.6115    0.6349       381
          61     0.7205    0.5831    0.6446       451

    accuracy                         0.8825    116323
   macro avg     0.8286    0.7674    0.7697    116323
weighted avg     0.8769    0.8825    0.8703    116323
