              precision    recall  f1-score   support

           0     0.6922    0.8131    0.7478      5778
           1     0.6715    0.9412    0.7838      6330
           2     0.9520    0.9825    0.9670      5869
           3     0.9940    0.9941    0.9941      5969
           4     0.9664    0.9827    0.9745      5619
           5     0.9651    0.9268    0.9455      5190
           6     0.9673    0.9863    0.9767      5705
           7     0.9864    0.9948    0.9906      6139
           8     0.9763    0.9886    0.9824      5633
           9     0.9178    0.9879    0.9516      5686
          10     0.9437    0.9793    0.9612      1062
          11     0.9599    0.9599    0.9599       648
          12     0.7729    0.9707    0.8606      1739
          13     0.9218    0.8780    0.8994       779
          14     0.9635    0.9612    0.9624       851
          15     0.7793    0.9660    0.8626      1440
          16     0.9670    0.8523    0.9061       447
          17     0.9264    0.9424    0.9343       521
          18     0.5969    0.5278    0.5602      2048
          19     0.8795    0.8626    0.8710       626
          20     0.6644    0.7670    0.7120       382
          21     0.8967    0.9432    0.9194       810
          22     0.7544    0.9865    0.8550      1485
          23     0.9278    0.9889    0.9574      1351
          24     0.6458    0.5695    0.6053      4156
          25     0.8222    0.9635    0.8873      1397
          26     0.9203    0.9225    0.9214       413
          27     0.9480    0.9691    0.9584       809
          28     0.8117    0.9595    0.8794      3508
          29     0.9330    0.9365    0.9348      1576
          30     0.7658    0.9720    0.8567      2002
          31     0.6636    0.7362    0.6980       796
          32     0.8780    0.7680    0.8193       806
          33     0.8198    0.6319    0.7137       432
          34     0.7804    0.7794    0.7799       798
          35     0.7755    0.5733    0.6592       464
          36     0.9219    0.9337    0.9278      1644
          37     0.9138    0.8324    0.8712       853
          38     1.0000    0.0023    0.0046       432
          39     0.9827    0.9798    0.9813      1683
          40     0.9782    0.9851    0.9816      4092
          41     0.6000    0.0075    0.0148       400
          42     0.8365    0.4516    0.5865       589
          43     0.9604    0.9500    0.9551      1479
          44     0.8449    0.3700    0.5147       427
          45     0.7745    0.6719    0.7196       317
          46     0.7589    0.6416    0.6953       466
          47     0.6150    0.1097    0.1861      2535
          48     0.0000    0.0000    0.0000       464
          49     0.9519    0.9489    0.9504      1898
          50     0.0000    0.0000    0.0000       466
          51     0.7257    0.2228    0.3410       368
          52     0.8286    0.3446    0.4867       505
          53     0.9603    0.9690    0.9646      2320
          54     1.0000    0.0023    0.0046       437
          55     0.9510    0.9551    0.9531      2965
          56     0.5556    0.0104    0.0204       482
          57     0.5394    0.3803    0.4461       468
          58     0.6795    0.7944    0.7325       467
          59     0.6995    0.8319    0.7600       470
          60     0.6226    0.3465    0.4452       381
          61     0.6649    0.5410    0.5966       451

    accuracy                         0.8703    116323
   macro avg     0.8092    0.7298    0.7321    116323
weighted avg     0.8624    0.8703    0.8521    116323
